0  0  0  0  0  0  0  0  0  0  0  0  0  0  0  0  0  0  0
0  0  0  0  0  0  0  0  0  0  0  0  0  0  0  0  0  0  0
0  0 30,0xff0000 30,0xff0000  0  0 30,0xff0000 30,0xff0000  0  0  0 30,0xff0000 30,0xff0000 30,0xff0000 30,0xff0000 30,0xff0000  0  0  0
0  0 30,0xff0000 30,0xff0000  0  0 30,0xff0000 30,0xff0000  0  0  0  0  0  0  0 30,0xff0000 30,0xff0000  0  0
0  0 30,0xff0000 30,0xff0000  0  0 30,0xff0000 30,0xff0000  0  0  0  0  0  0  0 30,0xff0000 30,0xff0000  0  0
0  0 30,0xff0000 30,0xff0000 30,0xff0000 30,0xff0000 30,0xff0000 30,0xff0000  0  0  0  0 30,0xff0000 30,0xff0000 30,0xff0000 30,0xff0000  0  0  0
0  0  0 30,0xff0000 30,0xff0000 30,0xff0000 30,0xff0000 30,0xff0000  0  0  0 30,0xff0000 30,0xff0000  0  0  0  0  0  0
0  0  0  0  0  0 30,0xff0000 30,0xff0000  0  0  0 30,0xff0000 30,0xff0000  0  0  0  0  0  0
0  0  0  0  0  0 30,0xff0000 30,0xff0000  0  0  0 30,0xff0000 30,0xff0000 30,0xff0000 30,0xff0000 30,0xff0000 30,0xff0000  0  0
0  0  0  0  0  0  0  0  0  0  0  0  0  0  0  0  0  0  0
0  0  0  0  0  0  0  0  0  0  0  0  0  0  0  0  0  0  0 
